$ANSIBLE_VAULT;1.1;AES256
32366330363034356332363231643834346663363864623966333233366161646437323938336366
3233363539656234323135636630653538666136353430630a633338393765333530663335666533
37313461343731303838383832623262306437353934343030656338333137303465303265643132
3635663862333831620a333433323464326135326635303834646534323962383363643630303635
39393661313938623434623837373539636165313561616230323335323832336165323232326534
37613337336563616135633233373934633130396563306339323737343236306539643030353165
30643634656364646264306336643062373430366337623163653131646539623539333939663031
33386630653238393134396631386663313666343530623439393031663965316332346135613464
39653664323264616333333935616635656438326563363464303835333332373664633064613831
30643331643131306639613731356164363964326164313133666534326161376231643466323833
39656362373432306632316234326238306433363366316464346261376239363534623765343761
32653065366263323231653433326362383137333561646432303633343837613237643662636262
37336331623934633261616333666661376333663138633631356563333034326631666336653037
3738313839643366303862306364363064653464336639383266
